1.000000000 0.000000000 0.000000000 0.000000000 0.000000000 1.000000000 0.000000000 0.000000000 0.000000000 0.000000000 1.000000000 0.000000000
0.999996483 -0.000001553 -0.002661576 0.016830968 0.000000517 0.999999940 -0.000389110 0.002607189 0.002661577 0.000389108 0.999996364 0.025863003
0.999976456 -0.002092706 -0.006533890 0.034833401 0.002083956 0.999996901 -0.001345613 -0.001421210 0.006536686 0.001331965 0.999977767 0.048321109
0.999918222 -0.000445410 -0.012782576 0.056658491 0.000435808 0.999999642 -0.000753952 0.005416709 0.012782907 0.000748319 0.999918044 0.088866435
0.999787390 0.000162903 -0.020620272 0.072817788 -0.000171451 0.999999881 -0.000412776 0.001276882 0.020620201 0.000416224 0.999787271 0.125825226
0.999696791 -0.000389156 -0.024621310 0.096556775 0.000371291 0.999999642 -0.000730147 0.004312566 0.024621585 0.000720784 0.999696612 0.169045925
0.999719620 -0.000170630 -0.023676956 0.120585755 0.000158506 0.999999881 -0.000513923 0.001892465 0.023677042 0.000510026 0.999719501 0.213878408
0.999798000 0.000438361 -0.020092536 0.151926458 -0.000448242 0.999999762 -0.000487256 0.004424466 0.020092316 0.000496164 0.999798000 0.277362704
0.999835193 0.000214486 -0.018153021 0.177482367 -0.000219493 0.999999940 -0.000273796 0.001456872 0.018152962 0.000277735 0.999835193 0.325722277
0.999861777 0.000142880 -0.016626455 0.209665716 -0.000144648 1.000000000 -0.000105142 0.000749931 0.016626440 0.000107533 0.999861777 0.380742162
0.999888062 0.000028269 -0.014963146 0.249355853 -0.000023537 0.999999940 0.000316416 -0.000841625 0.014963154 -0.000316028 0.999888003 0.454430431
0.999904871 -0.000143411 -0.013794095 0.293370992 0.000138623 0.999999940 -0.000348111 -0.001018610 0.013794144 0.000346165 0.999904811 0.527120352
0.999916315 0.000828795 -0.012908942 0.327031881 -0.000831756 0.999999642 -0.000223985 0.001419374 0.012908752 0.000234704 0.999916673 0.589494824
0.999929905 0.001276570 -0.011770538 0.368579566 -0.001274595 0.999999166 0.000175299 -0.001883858 0.011770752 -0.000160284 0.999930680 0.666671634
0.999941766 0.000861794 -0.010756870 0.408242047 -0.000870396 0.999999285 -0.000795061 0.001912781 0.010756177 0.000804377 0.999941826 0.739818156
0.999954700 -0.000063918 -0.009520303 0.504830658 0.000055770 0.999999642 -0.000856202 0.004312458 0.009520354 0.000855632 0.999954343 0.897744417
0.999953151 0.000210428 -0.009678284 0.568438470 -0.000217927 0.999999702 -0.000773807 0.001326024 0.009678118 0.000775880 0.999952853 1.002049565
0.999960363 -0.000078210 -0.008901687 0.613474607 0.000071784 0.999999762 -0.000722202 0.001171790 0.008901741 0.000721534 0.999960124 1.085489869
0.999962270 -0.000099144 -0.008688204 0.670966566 0.000087920 0.999999166 -0.001292264 0.005158482 0.008688325 0.001291451 0.999961436 1.183011055
0.999971151 -0.000032556 -0.007594944 0.725978851 0.000024710 0.999999464 -0.001033174 0.003650276 0.007594974 0.001032957 0.999970615 1.290714502
0.999968886 0.000208740 -0.007886674 0.798009872 -0.000218774 0.999999166 -0.001271410 0.003446559 0.007886402 0.001273096 0.999968112 1.411583424
0.999974906 -0.000023138 -0.007084009 0.870349109 0.000018107 0.999999762 -0.000710324 0.000168142 0.007084024 0.000710178 0.999974668 1.543143868
0.999973118 0.000523638 -0.007311144 0.952656746 -0.000528133 0.999999702 -0.000612906 -0.000197776 0.007310821 0.000616751 0.999973059 1.685658336
0.999974728 0.000111397 -0.007108264 1.018612266 -0.000116144 0.999999762 -0.000667282 -0.000764999 0.007108188 0.000668091 0.999974489 1.798803568
0.999981880 0.000740752 -0.005975330 1.079265594 -0.000745723 0.999999404 -0.000829645 0.000299562 0.005974712 0.000834086 0.999981821 1.916014314
0.999983013 0.000164770 -0.005822003 1.177864671 -0.000162650 0.999999940 0.000364558 0.000296991 0.005822063 -0.000363605 0.999983013 2.079101562
0.999980509 0.000941139 -0.006175716 1.260440230 -0.000939507 0.999999523 0.000267123 -0.000100858 0.006175965 -0.000261315 0.999980867 2.219232082
0.999978065 0.001141168 -0.006522315 1.350735068 -0.001147047 0.999998927 -0.000897691 0.003024151 0.006521284 0.000905153 0.999978304 2.369523287
0.999982893 -0.000004590 -0.005851821 1.446576715 0.000002782 0.999999940 -0.000309043 -0.002705710 0.005851822 0.000309021 0.999982834 2.539649248
0.999985874 0.000230814 -0.005311018 1.542757154 -0.000232340 0.999999940 -0.000286863 -0.005133059 0.005310952 0.000288093 0.999985874 2.717102289
0.999983966 -0.000196319 -0.005658126 1.641231298 0.000193605 0.999999881 -0.000480342 -0.000695822 0.005658219 0.000479238 0.999983907 2.882023573
0.999990523 0.000270558 -0.004344180 1.723919630 -0.000270773 0.999999940 -0.000048864 0.000584074 0.004344167 0.000050040 0.999990582 3.038108349
0.999987364 0.000370157 -0.005011397 1.817260742 -0.000372472 0.999999821 -0.000460957 -0.000835950 0.005011226 0.000462818 0.999987364 3.194297791
0.999990404 0.000165835 -0.004380663 1.913565040 -0.000169237 0.999999702 -0.000776092 -0.001538689 0.004380533 0.000776826 0.999990106 3.366048574
0.999990642 0.000550002 -0.004290028 2.016145229 -0.000553337 0.999999523 -0.000776322 -0.002082345 0.004289599 0.000778689 0.999990523 3.549306393
0.999993503 0.000314574 -0.003583833 2.127134800 -0.000315071 0.999999940 -0.000137956 -0.000214361 0.003583789 0.000139085 0.999993563 3.746779203
0.999993145 0.000493066 -0.003664467 2.245208740 -0.000492018 0.999999821 0.000286874 -0.000404088 0.003664607 -0.000285069 0.999993265 3.953532934
0.999992907 0.000689802 -0.003696342 2.370239019 -0.000690597 0.999999762 -0.000213986 0.000131299 0.003696193 0.000216537 0.999993145 4.173045635
0.999995410 0.000763405 -0.002922272 2.490191936 -0.000763619 0.999999702 -0.000072051 -0.000285072 0.002922216 0.000074282 0.999995708 4.388726711
0.999995768 0.001093374 -0.002692780 2.595652342 -0.001093626 0.999999404 -0.000092209 0.000426246 0.002692678 0.000095154 0.999996364 4.573812485
0.999995887 0.001035237 -0.002683634 2.706065893 -0.001034923 0.999999464 0.000118421 -0.001849084 0.002683755 -0.000115643 0.999996364 4.764172554
0.999995708 0.001091593 -0.002722298 2.822517395 -0.001091468 0.999999404 0.000047338 -0.001463082 0.002722348 -0.000044366 0.999996305 4.965580940
0.999996483 0.001217708 -0.002362431 2.943232298 -0.001217551 0.999999285 0.000067901 -0.002108806 0.002362512 -0.000065024 0.999997199 5.179620743
0.999995470 0.001468794 -0.002627140 3.072660208 -0.001469452 0.999998868 -0.000248558 -0.001056109 0.002626772 0.000252418 0.999996543 5.402875423
0.999997139 0.000956925 -0.002192064 3.206534624 -0.000957551 0.999999523 -0.000284538 -0.001183592 0.002191791 0.000286636 0.999997556 5.638313293
0.999995291 0.001152861 -0.002843943 3.349449158 -0.001153731 0.999999285 -0.000304088 -0.001670708 0.002843591 0.000307368 0.999995887 5.885897160
0.999996841 0.001215298 -0.002192864 3.495389700 -0.001215617 0.999999225 -0.000144171 -0.001713904 0.002192687 0.000146837 0.999997556 6.142984867
0.999997675 0.000999937 -0.001912782 3.648410559 -0.001000599 0.999999464 -0.000345348 -0.001266705 0.001912436 0.000347261 0.999998093 6.407913685
0.999997795 0.000778284 -0.001937894 3.772504091 -0.000779225 0.999999583 -0.000485283 -0.002358663 0.001937515 0.000486792 0.999998033 6.623830318
0.999997020 0.001124104 -0.002175183 3.907365084 -0.001125307 0.999999225 -0.000551883 -0.000960682 0.002174561 0.000554329 0.999997497 6.852810383
0.999999166 0.000828934 -0.001001631 4.031307220 -0.000828306 0.999999464 0.000627012 -0.010876674 0.001002151 -0.000626182 0.999999285 7.093770504
0.999999344 0.000490233 -0.001008103 4.171104908 -0.000489334 0.999999464 0.000892691 -0.016685911 0.001008541 -0.000892197 0.999999106 7.339200974
0.999998033 0.000490074 -0.001917948 4.327329159 -0.000488588 0.999999583 0.000774964 -0.013369495 0.001918327 -0.000774025 0.999997854 7.600338936
0.999999523 0.000950886 -0.000059650 4.474750996 -0.000950847 0.999999344 0.000644040 -0.012689698 0.000060262 -0.000643983 0.999999762 7.881969929
0.999999404 0.000989329 -0.000447007 4.637007713 -0.000989280 0.999999523 0.000110549 -0.007036347 0.000447116 -0.000110107 0.999999881 8.164250374
0.999999523 0.000895041 -0.000428660 4.800192833 -0.000894709 0.999999285 0.000772878 -0.013397478 0.000429351 -0.000772494 0.999999583 8.444650650
0.999999762 0.000721213 -0.000108221 4.985425472 -0.000721172 0.999999642 0.000378907 -0.008605128 0.000108494 -0.000378828 0.999999940 8.760860443
0.999999642 0.000865316 -0.000044734 5.163979053 -0.000865277 0.999999225 0.000865631 -0.010664883 0.000045483 -0.000865592 0.999999642 9.074652672
0.999999821 0.000643560 0.000027868 5.317118645 -0.000643556 0.999999762 -0.000142855 -0.004967201 -0.000027960 0.000142837 1.000000000 9.329978943
0.999998212 0.001754045 0.000713267 5.465370178 -0.001753613 0.999998271 -0.000605178 0.002436334 -0.000714327 0.000603926 0.999999583 9.595804214
0.999997795 0.001721725 0.001198872 5.623440742 -0.001721222 0.999998450 -0.000420366 -0.001958427 -0.001199594 0.000418302 0.999999166 9.869182587
0.999998450 0.001111579 0.001344866 5.789185524 -0.001112337 0.999999225 0.000563118 -0.008600792 -0.001344239 -0.000564613 0.999998927 10.159172058
0.999997556 0.001036134 0.001958066 5.962352276 -0.001036610 0.999999404 0.000242144 -0.007916360 -0.001957814 -0.000244173 0.999998033 10.458607674
0.999997675 0.000948142 0.001926849 6.139546871 -0.000950747 0.999998629 0.001351615 -0.015980549 -0.001925565 -0.001353444 0.999997258 10.758620262
0.999995410 0.001351496 0.002711070 6.326590061 -0.001354694 0.999998391 0.001178200 -0.014211986 -0.002709474 -0.001181868 0.999995649 11.084536552
0.999994755 0.001224303 0.003000575 6.516897202 -0.001229150 0.999997914 0.001613962 -0.016223356 -0.002998593 -0.001617642 0.999994218 11.416374207
0.999994636 0.001101284 0.003077572 6.715640068 -0.001103900 0.999999046 0.000848403 -0.008073079 -0.003076635 -0.000851795 0.999994934 11.759894371
0.999992728 0.001456722 0.003521886 6.920888424 -0.001459238 0.999998689 0.000711793 -0.003507228 -0.003520844 -0.000716927 0.999993563 12.114962578
0.999992788 0.001420508 0.003516613 7.134024143 -0.001422897 0.999998748 0.000677040 -0.002274142 -0.003515647 -0.000682039 0.999993563 12.479959488
0.999994755 0.000877668 0.003110229 7.322537899 -0.000880640 0.999999166 0.000954222 -0.004723329 -0.003109389 -0.000956956 0.999994695 12.791480064
0.999993145 0.000980968 0.003569713 7.507317066 -0.000980897 0.999999523 -0.000021596 -0.001948220 -0.003569733 0.000018094 0.999993622 13.106092453
0.999991655 0.001333256 0.003866910 7.693850040 -0.001334001 0.999999106 0.000190097 -0.001776673 -0.003866653 -0.000195254 0.999992490 13.436562538
0.999988496 0.001083855 0.004675925 7.883046150 -0.001086143 0.999999285 0.000486948 -0.001709112 -0.004675394 -0.000492021 0.999988973 13.769673347
0.999992609 0.000943383 0.003726139 8.090428352 -0.000945432 0.999999404 0.000548240 -0.003691500 -0.003725620 -0.000551759 0.999992907 14.105905533
0.999993742 0.000728395 0.003455593 8.300560951 -0.000731485 0.999999344 0.000893049 -0.007133748 -0.003454940 -0.000895571 0.999993622 14.456310272
0.999989390 0.001227210 0.004435107 8.502417564 -0.001230892 0.999998927 0.000827740 -0.003737067 -0.004434086 -0.000833191 0.999989808 14.823085785
0.999989331 0.001189739 0.004463164 8.716028214 -0.001188535 0.999999285 -0.000272342 0.001922699 -0.004463485 0.000267034 0.999989986 15.184387207
0.999987900 0.001349016 0.004725603 8.941195488 -0.001349061 0.999999106 0.000006323 0.000736959 -0.004725590 -0.000012698 0.999988854 15.567752838
0.999987066 0.001640792 0.004812120 9.171888351 -0.001639154 0.999998569 -0.000344204 0.002142528 -0.004812677 0.000336312 0.999988377 15.951840401
0.999985158 0.001418815 0.005260144 9.396425247 -0.001421800 0.999998808 0.000563786 -0.001662167 -0.005259338 -0.000571256 0.999985993 16.355800629
0.999982357 0.001335332 0.005791754 9.620392799 -0.001341021 0.999998629 0.000978463 -0.003305984 -0.005790440 -0.000986213 0.999982774 16.752555847
0.999983191 0.002053663 0.005419243 9.832022667 -0.002057622 0.999997616 0.000725130 -0.000359901 -0.005417740 -0.000736268 0.999985039 17.108268738
0.999981940 0.001619193 0.005787311 10.052918434 -0.001626628 0.999997854 0.001280196 -0.003960005 -0.005785225 -0.001289586 0.999982417 17.485811234
0.999984860 0.001322469 0.005341552 10.276178360 -0.001330945 0.999997854 0.001583481 -0.006721520 -0.005339446 -0.001590566 0.999984503 17.856922150
0.999980390 0.001454408 0.006089555 10.499485016 -0.001461822 0.999998212 0.001213266 -0.006554620 -0.006087779 -0.001222144 0.999980748 18.253515244
0.999977469 0.001302904 0.006582407 10.721462250 -0.001314124 0.999997675 0.001700489 -0.009336549 -0.006580177 -0.001709101 0.999976873 18.645193100
0.999981940 0.001284018 0.005868679 10.966640472 -0.001290705 0.999998510 0.001135865 -0.005613583 -0.005867213 -0.001143419 0.999982119 19.042541504
0.999981821 0.001443367 0.005854685 11.202927589 -0.001445830 0.999998868 0.000416486 -0.002296352 -0.005854077 -0.000424943 0.999982774 19.449460983
0.999981463 0.001640015 0.005861129 11.449680328 -0.001646401 0.999998033 0.001084892 -0.003026688 -0.005859338 -0.001094521 0.999982238 19.852436066
0.999985278 0.000988802 0.005338066 11.712119102 -0.000993312 0.999999166 0.000842369 -0.000517734 -0.005337229 -0.000847659 0.999985397 20.285367966
0.999986947 0.000820047 0.005040621 11.963150978 -0.000826849 0.999998748 0.001347485 -0.004638722 -0.005039510 -0.001351636 0.999986410 20.715824127
0.999984205 0.000608728 0.005591914 12.208518982 -0.000617138 0.999998689 0.001502310 -0.006005111 -0.005590992 -0.001505737 0.999983251 21.153242111
0.999987721 0.001072859 0.004833104 12.474251747 -0.001076026 0.999999225 0.000652747 -0.000912524 -0.004832400 -0.000657940 0.999988079 21.592193604
0.999987006 0.000874197 0.005027439 12.713771820 -0.000878626 0.999999225 0.000878827 -0.003121597 -0.005026666 -0.000883232 0.999986947 22.002943039
0.999989271 0.000870273 0.004555526 12.971115112 -0.000875125 0.999999046 0.001063224 -0.001499915 -0.004554596 -0.001067199 0.999989033 22.432975769
0.999990761 0.000579165 0.004263212 13.218137741 -0.000582808 0.999999464 0.000853333 -0.000680144 -0.004262716 -0.000855809 0.999990523 22.855455399
0.999991238 0.001130812 0.004027451 13.479435921 -0.001133870 0.999999046 0.000756901 0.001397161 -0.004026591 -0.000761461 0.999991596 23.295036316
0.999990284 0.000906370 0.004317623 13.732240677 -0.000910331 0.999999166 0.000915582 0.001025077 -0.004316790 -0.000919503 0.999990284 23.732965469
0.999990225 0.000812343 0.004340852 13.993643761 -0.000815972 0.999999344 0.000834086 0.002002642 -0.004340171 -0.000837620 0.999990225 24.179010391
0.999991179 0.000998090 0.004081338 14.259722710 -0.000998962 0.999999464 0.000211587 0.009983926 -0.004081124 -0.000215662 0.999991655 24.637166977
0.999990582 0.000789304 0.004272141 14.527913094 -0.000788768 0.999999702 -0.000126944 0.010979672 -0.004272240 0.000123573 0.999990880 25.096805573
0.999992132 -0.000036229 0.003973807 14.802234650 0.000035558 1.000000000 0.000168823 0.006254777 -0.003973813 -0.000168680 0.999992073 25.558364868
0.999989688 0.001186200 0.004377104 15.074915886 -0.001190366 0.999998868 0.000949332 0.009916933 -0.004375973 -0.000954532 0.999989986 26.035757065
0.999990940 0.000909808 0.004154019 15.353402138 -0.000916751 0.999998212 0.001669879 -0.000046875 -0.004152492 -0.001673672 0.999989986 26.507417679
0.999994040 0.000470359 0.003417076 15.627740860 -0.000478705 0.999996901 0.002442102 -0.007234986 -0.003415917 -0.002443724 0.999991179 26.961410522
0.999992192 0.001105457 0.003788144 15.894783020 -0.001111797 0.999997973 0.001672010 0.005218016 -0.003786288 -0.001676208 0.999991417 27.438442230
0.999991775 0.001001225 0.003934488 16.164665222 -0.001008265 0.999997914 0.001787829 0.001564128 -0.003932690 -0.001791781 0.999990642 27.908107758
0.999991894 0.001125721 0.003867201 16.441959381 -0.001130747 0.999998510 0.001297741 0.007722434 -0.003865734 -0.001302103 0.999991655 28.381345749
0.999992609 0.000748411 0.003765199 16.726688385 -0.000754560 0.999998391 0.001632083 0.003812996 -0.003763971 -0.001634912 0.999991596 28.870281219
0.999994934 0.000943434 0.003035527 17.015241623 -0.000951307 0.999996185 0.002593141 -0.003437194 -0.003033068 -0.002596016 0.999992013 29.349340439
0.999992788 0.001450188 0.003512337 17.291799545 -0.001455952 0.999997616 0.001639148 0.004634356 -0.003509951 -0.001644250 0.999992490 29.841571808
0.999987960 0.001157854 0.004763840 17.574390411 -0.001170950 0.999995530 0.002747184 -0.003860560 -0.004760638 -0.002752729 0.999984860 30.342439651
0.999989867 0.000886236 0.004417610 17.867956161 -0.000903272 0.999992132 0.003856041 -0.017240735 -0.004414158 -0.003859992 0.999982834 30.839418411
0.999988258 0.000982793 0.004750552 18.159128189 -0.001001102 0.999992073 0.003853376 -0.019557849 -0.004746727 -0.003858086 0.999981284 31.331941605
0.999990463 0.001394304 0.004143371 18.459650040 -0.001408145 0.999993443 0.003339414 -0.014506017 -0.004138687 -0.003345217 0.999985814 31.826925278
0.999990404 0.000704033 0.004321441 18.765481949 -0.000715281 0.999996364 0.002601873 0.000051579 -0.004319593 -0.002604939 0.999987304 32.391788483
0.999990225 0.001022366 0.004304721 19.065511703 -0.001036712 0.999993920 0.003331643 -0.006776393 -0.004301289 -0.003336074 0.999985158 32.901508331
0.999988139 0.001083358 0.004743661 19.362058640 -0.001096093 0.999995828 0.002682998 -0.003160374 -0.004740735 -0.002688166 0.999985158 33.421298981
0.999989450 0.001153161 0.004441758 19.665779114 -0.001166731 0.999994636 0.003053641 -0.000628685 -0.004438213 -0.003058792 0.999985456 33.933120728
0.999987125 0.001125955 0.004949944 19.970314026 -0.001139814 0.999995410 0.002798036 0.000989631 -0.004946771 -0.002803642 0.999983847 34.451488495
0.999989569 0.001392977 0.004352329 20.281131744 -0.001405394 0.999994934 0.002851233 0.003887672 -0.004348335 -0.002857320 0.999986470 34.998027802
0.999987245 0.001697160 0.004761392 20.590074539 -0.001709629 0.999995112 0.002615913 0.008980996 -0.004756929 -0.002624020 0.999985218 35.534839630
0.999987185 0.001827760 0.004718326 20.898908615 -0.001841760 0.999993920 0.002964484 0.006296077 -0.004712879 -0.002973136 0.999984503 36.068344116
0.999987304 0.001561925 0.004796691 21.216451645 -0.001577175 0.999993682 0.003177315 0.004373557 -0.004791698 -0.003184839 0.999983430 36.613979340
0.999988556 0.001318803 0.004605126 21.535837173 -0.001334936 0.999992967 0.003501897 0.001117066 -0.004600475 -0.003508004 0.999983251 37.157279968
0.999988019 0.001172705 0.004758526 21.860012054 -0.001188940 0.999993503 0.003410440 0.003272185 -0.004754495 -0.003416057 0.999982834 37.714782715
0.999987543 0.001181399 0.004855616 22.179121017 -0.001198360 0.999993205 0.003491588 0.002863353 -0.004851458 -0.003497363 0.999982119 38.263370514
0.999991357 0.001298479 0.003949932 22.511777878 -0.001313154 0.999992251 0.003714944 0.004347907 -0.003945078 -0.003720099 0.999985278 38.821472168
0.999991119 0.001415304 0.003966086 22.844087601 -0.001430917 0.999991238 0.003936801 0.006685950 -0.003960480 -0.003942441 0.999984384 39.387550354
0.999988258 0.002259452 0.004280451 23.174831390 -0.002275453 0.999990404 0.003736977 0.012363797 -0.004271966 -0.003746673 0.999983847 39.962486267
0.999989569 0.002151604 0.004032659 23.508396149 -0.002168745 0.999988616 0.004251080 0.011174832 -0.004023467 -0.004259781 0.999982834 40.535583496
0.999991715 0.001954853 0.003573688 23.845415115 -0.001971135 0.999987662 0.004558400 0.009545774 -0.003564733 -0.004565406 0.999983251 41.111335754
0.999993742 0.001651436 0.003131316 24.185470581 -0.001664385 0.999990046 0.004137367 0.011018560 -0.003124452 -0.004142553 0.999986529 41.687747955
0.999994218 0.001840586 0.002849837 24.519584656 -0.001853068 0.999988675 0.004383362 0.012306383 -0.002841737 -0.004388618 0.999986351 42.267150879
0.999994040 0.002030171 0.002791460 24.856365204 -0.002042337 0.999988377 0.004362100 0.014615432 -0.002782572 -0.004367775 0.999986589 42.850452423
0.999993145 0.002333415 0.002874271 25.193557739 -0.002347539 0.999985158 0.004920610 0.013759465 -0.002862746 -0.004927324 0.999983788 43.438346863
0.999991715 0.002553862 0.003163597 25.540651321 -0.002567182 0.999987841 0.004213312 0.022998570 -0.003152798 -0.004221398 0.999986112 44.038558960
0.999993861 0.002367620 0.002582612 25.882675171 -0.002378634 0.999988079 0.004269973 0.024656584 -0.002572472 -0.004276090 0.999987543 44.637123108
0.999993145 0.002481502 0.002752910 26.236568451 -0.002493677 0.999987066 0.004427952 0.024732597 -0.002741886 -0.004434786 0.999986410 45.246383667
0.999994457 0.002560512 0.002134455 26.591203690 -0.002568931 0.999988914 0.003950913 0.031842873 -0.002124315 -0.003956374 0.999989927 45.856254578
0.999995708 0.002475221 0.001552937 26.948272705 -0.002481136 0.999989629 0.003818105 0.033266436 -0.001543470 -0.003821942 0.999991477 46.459693909
0.999994397 0.002855710 0.001755880 27.292530060 -0.002862426 0.999988556 0.003834498 0.035155937 -0.001744910 -0.003839503 0.999991119 47.074340820
0.999996066 0.002460273 0.001337089 27.650154114 -0.002465478 0.999989331 0.003905369 0.032770015 -0.001327466 -0.003908650 0.999991477 47.684104919
0.999996364 0.002427565 0.001174444 27.998092651 -0.002432500 0.999988139 0.004218547 0.032638233 -0.001164189 -0.004221389 0.999990404 48.290683746
0.999996960 0.002458607 0.000240994 28.358797073 -0.002459489 0.999989986 0.003731375 0.038134616 -0.000231818 -0.003731956 0.999993026 48.902553558
0.999997616 0.002098617 0.000622130 28.704446793 -0.002101068 0.999989927 0.003965138 0.033583537 -0.000613803 -0.003966435 0.999991953 49.515914917
0.999997973 0.001985153 0.000315226 29.082002640 -0.001986328 0.999990880 0.003773102 0.037806243 -0.000307733 -0.003773720 0.999992847 50.163982391
0.999998569 0.001699797 -0.000173843 29.450553894 -0.001699151 0.999991894 0.003654617 0.034490924 0.000180054 -0.003654316 0.999993324 50.799251556
0.999997675 0.002153693 -0.000258111 29.819715500 -0.002152735 0.999991000 0.003657511 0.040666334 0.000265985 -0.003656946 0.999993265 51.444007874
0.999998331 0.001511419 -0.001048545 30.195257187 -0.001506815 0.999989271 0.004377465 0.031503387 0.001055150 -0.004375878 0.999989867 52.082511902
0.999996901 0.001999990 -0.001491282 30.568956375 -0.001993562 0.999988794 0.004299663 0.034725104 0.001499865 -0.004296676 0.999989629 52.727897644
0.999995053 0.002523737 -0.001882648 30.933902740 -0.002515101 0.999986351 0.004575955 0.039320014 0.001894171 -0.004571197 0.999987781 53.363018036
0.999995112 0.002275756 -0.002151767 31.294473648 -0.002267518 0.999990106 0.003823332 0.044027105 0.002160447 -0.003818434 0.999990404 53.989013672
0.999993861 0.002027969 -0.002850137 31.657876968 -0.002014316 0.999986529 0.004785296 0.037611865 0.002859803 -0.004779525 0.999984503 54.616203308
0.999991894 0.001144666 -0.003859957 32.051631927 -0.001127360 0.999989331 0.004482573 0.035094876 0.003865046 -0.004478185 0.999982476 55.293071747
0.999991059 0.001184613 -0.004066302 32.440979004 -0.001166443 0.999989331 0.004467737 0.043120753 0.004071551 -0.004462954 0.999981761 55.976200104
0.999990880 0.001584134 -0.003965356 32.808826447 -0.001564566 0.999986589 0.004932928 0.044884462 0.003973118 -0.004926679 0.999979973 56.654842377
0.999984860 0.001769139 -0.005209072 33.195362091 -0.001742346 0.999985278 0.005143639 0.047717340 0.005218095 -0.005134485 0.999973178 57.313713074
0.999982357 0.002081012 -0.005558936 33.575706482 -0.002054011 0.999986112 0.004858566 0.051619925 0.005568970 -0.004847063 0.999972761 57.977291107
0.999976993 0.002372817 -0.006350653 33.950912476 -0.002342396 0.999985754 0.004793280 0.059459072 0.006361936 -0.004778294 0.999968350 58.631149292
0.999972224 0.002928094 -0.006850532 34.311569214 -0.002900326 0.999987543 0.004059831 0.069584116 0.006862335 -0.004039850 0.999968290 59.274497986
0.999874592 0.002395821 -0.015655264 34.717628479 -0.002328379 0.999987960 0.004324732 0.067015678 0.015665438 -0.004287738 0.999868095 59.979061127
0.999602795 0.002110786 -0.028103061 35.116909027 -0.001995541 0.999989510 0.004128194 0.070624404 0.028111480 -0.004070474 0.999596536 60.711410522
0.999082863 0.002013204 -0.042771101 35.502479553 -0.001852928 0.999991119 0.003786613 0.072474279 0.042778343 -0.003703888 0.999077737 61.420623779
0.998399079 0.001479485 -0.056543171 35.857666016 -0.001246378 0.999990582 0.004157679 0.070106030 0.056548789 -0.004080549 0.998391509 62.130840302
0.997321725 0.001435624 -0.073125221 36.206188202 -0.001123777 0.999990106 0.004305531 0.069327198 0.073130675 -0.004211823 0.997313499 62.818649292
0.995982826 0.001713733 -0.089527749 36.519836426 -0.001327076 0.999989510 0.004378195 0.071801707 0.089534320 -0.004241798 0.995974720 63.498153687
0.994007111 0.002105936 -0.109295323 36.850887299 -0.001701358 0.999991357 0.003794822 0.081023894 0.109302372 -0.003586130 0.994002104 64.224128723
0.991063178 0.001762973 -0.133381471 37.189853668 -0.001212539 0.999990404 0.004207884 0.076330505 0.133387610 -0.004008549 0.991055846 65.005599976
0.987362325 0.001838714 -0.158468455 37.493499756 -0.001208083 0.999990940 0.004075775 0.082026690 0.158474505 -0.003832824 0.987355649 65.767364502
0.982681513 0.001899886 -0.185292974 37.763034821 -0.001162502 0.999990940 0.004088120 0.078714050 0.185299054 -0.003801916 0.982674837 66.505050659
0.976770580 0.001932911 -0.214279115 38.000366211 -0.001104358 0.999991417 0.003986343 0.082299575 0.214284986 -0.003657102 0.976764321 67.228271484
0.968768060 0.002096325 -0.247959822 38.227142334 -0.001048222 0.999989927 0.004358855 0.081243709 0.247966468 -0.003962802 0.968760490 67.995368958
0.957574368 0.002363011 -0.288176686 38.439617157 -0.001108144 0.999989212 0.004517560 0.082950428 0.288184255 -0.004006559 0.957566619 68.803283691
0.943483770 0.001368357 -0.331415832 38.606044769 0.000087801 0.999990404 0.004378739 0.083660662 0.331418633 -0.004160368 0.943474650 69.589439392
0.926442206 0.001445577 -0.376434296 38.721141815 -0.000056365 0.999993145 0.003701439 0.095579892 0.376437038 -0.003407952 0.926435947 70.368453979
0.903850436 0.002192387 -0.427843004 38.817485809 -0.000531575 0.999991834 0.004001247 0.098482102 0.427848309 -0.003389098 0.903844237 71.131286621
0.874038696 0.002340605 -0.485850662 38.865947723 -0.000301123 0.999990821 0.004275779 0.105675161 0.485856205 -0.003590896 0.874031365 71.946685791
0.838441312 0.002804321 -0.544984698 38.847480774 -0.000735833 0.999991655 0.004013590 0.111107871 0.544991374 -0.002964142 0.838436425 72.735168457
0.796678245 0.002411552 -0.604398847 38.781593323 0.000452962 0.999989390 0.004587023 0.109006047 0.604403496 -0.003928151 0.796668649 73.507095337
0.745820284 0.002822543 -0.666141272 38.648361206 0.000228206 0.999989867 0.004492613 0.121688172 0.666147232 -0.003502699 0.745812058 74.316452026
0.689201713 0.003019580 -0.724563181 38.452743530 0.000578132 0.999988735 0.004717318 0.122714251 0.724569261 -0.003670078 0.689192176 75.100517273
0.627567172 0.002617406 -0.778558016 38.193885803 0.001275334 0.999989569 0.004389829 0.128670737 0.778561354 -0.003747833 0.627557278 75.871292114
0.563762188 0.002979415 -0.825931847 37.873878479 0.001363063 0.999988794 0.004537693 0.132651210 0.825936139 -0.003683976 0.563751757 76.624633789
0.501081169 0.002538045 -0.865396559 37.492610931 0.001658391 0.999991059 0.003893025 0.140449509 0.865398705 -0.003385888 0.501072466 77.342231750
0.438781023 0.002446115 -0.898590684 37.052867889 0.002260183 0.999990106 0.003825786 0.142433971 0.898591161 -0.003709662 0.438771129 78.052352905
0.380969346 0.002771841 -0.924583554 36.571056366 0.001172314 0.999993265 0.003480960 0.151084602 0.924587011 -0.002410041 0.380963564 78.723709106
0.329023004 0.003660522 -0.944314837 36.060581207 0.001523896 0.999989152 0.004407300 0.143465668 0.944320679 -0.002889141 0.329013824 79.362480164
0.281226397 0.003945324 -0.959633350 35.492725372 0.001713970 0.999987900 0.004613522 0.148131400 0.959639907 -0.002942227 0.281216204 79.988685608
0.238347828 0.003229901 -0.971174479 34.866394043 0.001547508 0.999991953 0.003705534 0.163586512 0.971178651 -0.002386106 0.238340914 80.610191345
0.202170849 0.003813151 -0.979342818 34.262947083 0.001633947 0.999989688 0.004230845 0.161745667 0.979348898 -0.002455547 0.202162564 81.172027588
0.170562029 0.003199795 -0.985341728 33.633155823 0.001934349 0.999991715 0.003582204 0.171142697 0.985345066 -0.002516983 0.170554459 81.712493896
0.142236710 0.003308940 -0.989827216 32.946350098 0.001588115 0.999992371 0.003571132 0.173263118 0.989831507 -0.002079906 0.142230392 82.256591797
0.116247475 0.004029241 -0.993212104 32.230064392 0.002036521 0.999988675 0.004295091 0.167027995 0.993218184 -0.002521991 0.116237938 82.811744690
0.095910549 0.003042548 -0.995385349 31.541290283 0.002094747 0.999992490 0.003258470 0.179428250 0.995387852 -0.002397602 0.095903456 83.313796997
0.078212678 0.003666114 -0.996930122 30.832984924 0.001554675 0.999991596 0.003799343 0.186985746 0.996935606 -0.001847059 0.078206301 83.797142029
0.061425686 0.003419250 -0.998105824 30.106262207 0.001551882 0.999992609 0.003521220 0.186825708 0.998110473 -0.001765236 0.061419964 84.298934937
0.047484159 0.002926983 -0.998867750 29.329200745 0.002294124 0.999992728 0.003039338 0.193921804 0.998869419 -0.002435847 0.047477126 84.804473877
0.036287844 0.002573934 -0.999338090 28.547775269 0.001796321 0.999994874 0.002640853 0.203348950 0.999339759 -0.001890963 0.036283016 85.275184631
0.025673628 0.003887542 -0.999662817 27.832077026 0.001495039 0.999991179 0.003927215 0.199748769 0.999669254 -0.001595360 0.025667548 85.729080200
0.017447412 0.003557005 -0.999841630 27.073387146 0.001499571 0.999992430 0.003583710 0.206003517 0.999846876 -0.001561860 0.017441928 86.174682617
0.009807289 0.003726377 -0.999945164 26.285766602 0.000819688 0.999992669 0.003734595 0.210439473 0.999951720 -0.000856270 0.009804130 86.645454407
0.002900600 0.003959585 -0.999987960 25.472221375 0.000821529 0.999991834 0.003961983 0.214875147 0.999995470 -0.000833011 0.002897322 87.124786377
-0.001006007 0.003964679 -0.999991775 24.658813477 0.001036474 0.999991596 0.003963637 0.221664548 0.999999046 -0.001032478 -0.001010060 87.584228516
-0.003173590 0.003369621 -0.999989271 23.880096436 0.000848912 0.999993980 0.003366942 0.231055021 0.999994636 -0.000838217 -0.003176451 88.024948120
-0.006704450 0.003829995 -0.999970257 23.096008301 0.001026956 0.999992192 0.003823194 0.226367801 0.999977052 -0.001001293 -0.006708264 88.481155396
-0.008478284 0.003853309 -0.999956667 22.289413452 0.001742045 0.999991119 0.003838672 0.227191076 0.999962628 -0.001709424 -0.008484960 88.936065674
-0.011068106 0.003471859 -0.999932945 21.456153870 0.001118671 0.999993384 0.003459688 0.237736449 0.999938309 -0.001080305 -0.011071920 89.411529541
-0.013035059 0.003016692 -0.999910593 20.607643127 0.000644367 0.999995291 0.003008548 0.245950922 0.999914885 -0.000605093 -0.013036966 89.883720398
-0.015612960 0.004099633 -0.999869764 19.808052063 0.001000204 0.999991179 0.004084513 0.236084923 0.999877632 -0.000936303 -0.015617013 90.338798523
-0.017556667 0.003058337 -0.999841154 19.001678467 0.000904470 0.999994934 0.003042925 0.247801840 0.999845445 -0.000850903 -0.017559290 90.797042847
-0.018782973 0.003869751 -0.999816120 18.179977417 0.001230718 0.999991834 0.003847311 0.240793094 0.999822795 -0.001158227 -0.018787622 91.252197266
-0.019513011 0.003447048 -0.999803782 17.330322266 0.000394706 0.999993980 0.003440001 0.252769530 0.999809623 -0.000327504 -0.019514203 91.710075378
-0.021299601 0.003729118 -0.999766350 16.472885132 0.000209603 0.999993026 0.003725499 0.256223172 0.999773264 -0.000130203 -0.021300197 92.190551758
-0.022293568 0.004074260 -0.999743164 15.601028442 -0.000158609 0.999991655 0.004078810 0.260685563 0.999751508 0.000249500 -0.022292733 92.662467957
-0.022708058 0.003515052 -0.999736011 14.772270203 0.000119920 0.999993801 0.003513235 0.267429054 0.999742210 -0.000040110 -0.022708297 93.109024048
-0.023666024 0.004440306 -0.999710083 13.934211731 0.000821573 0.999989867 0.004422100 0.254833847 0.999719620 -0.000716681 -0.023669481 93.567039490
-0.024575710 0.004428223 -0.999688089 13.089256287 0.001018262 0.999989808 0.004404527 0.260206640 0.999697387 -0.000909700 -0.024580002 94.028892517
-0.025879025 0.005291024 -0.999651134 12.232933044 0.001468742 0.999985099 0.005254769 0.255428016 0.999664009 -0.001332242 -0.025886416 94.499465942
-0.025457501 0.005451567 -0.999661028 11.357414246 0.000801857 0.999984920 0.005432914 0.264246553 0.999675572 -0.000663277 -0.025461435 94.959823608
-0.026551604 0.006032453 -0.999629438 10.473731995 0.001232867 0.999981225 0.006001830 0.261152804 0.999646842 -0.001073053 -0.026558518 95.442138672
-0.027289987 0.005427380 -0.999612927 9.626159668 0.000963443 0.999984920 0.005403098 0.271992862 0.999627233 -0.000815621 -0.027294755 95.908454895
-0.028090477 0.005931907 -0.999587774 8.786315918 0.000703285 0.999982238 0.005914485 0.277615458 0.999605179 -0.000536854 -0.028094172 96.364784241
-0.029029250 0.005401606 -0.999563932 7.929832458 0.001032065 0.999985039 0.005373908 0.281119406 0.999577999 -0.000875614 -0.029034376 96.833190918
-0.028725505 0.005846896 -0.999570310 7.059043884 0.000983002 0.999982595 0.005821059 0.283310503 0.999586880 -0.000815366 -0.028730750 97.305686951
-0.030033350 0.005029190 -0.999536276 6.169891357 0.000521601 0.999987304 0.005015787 0.300781310 0.999548793 -0.000370718 -0.030035615 97.773002625
-0.029565811 0.006884107 -0.999539196 5.272987366 0.001536840 0.999975443 0.006841654 0.287630141 0.999561727 -0.001333853 -0.029575586 98.252738953
-0.028470635 0.006169888 -0.999575615 4.371353149 0.000608969 0.999980867 0.006155044 0.303361982 0.999594450 -0.000433473 -0.028473854 98.722244263
-0.029837966 0.006535261 -0.999533415 3.532638550 0.000373121 0.999978602 0.006527035 0.303659439 0.999554753 -0.000178194 -0.029839754 99.191574097
-0.029216528 0.006150948 -0.999554276 2.632858276 0.000520036 0.999981046 0.006138374 0.315648228 0.999573112 -0.000340462 -0.029219270 99.662368774
-0.028263688 0.005897331 -0.999583066 1.733970642 -0.000514394 0.999982357 0.005914231 0.325661659 0.999600351 0.000681338 -0.028260112 100.135826111
-0.028638005 0.006286888 -0.999570072 0.844207764 -0.000463545 0.999980032 0.006302748 0.331858933 0.999589741 0.000643844 -0.028634548 100.615036011
-0.028163910 0.005763717 -0.999586761 -0.060150146 -0.000605764 0.999983072 0.005783070 0.339042366 0.999603212 0.000768387 -0.028159857 101.094635010
-0.028470397 0.006497203 -0.999573469 -0.961120605 -0.000237419 0.999978781 0.006506600 0.338620454 0.999594569 0.000422564 -0.028468251 101.582496643
-0.027967691 0.006088227 -0.999590397 -1.867164612 -0.000305914 0.999981344 0.006099168 0.346365988 0.999608874 0.000476367 -0.027965307 102.071548462
-0.028439164 0.006238396 -0.999576092 -2.743515015 -0.000506119 0.999980330 0.006255319 0.352320522 0.999595404 0.000683800 -0.028435469 102.559135437
-0.027473569 0.006657719 -0.999600410 -3.639717102 -0.000206906 0.999977767 0.006665919 0.349023402 0.999622583 0.000389959 -0.027471542 103.035209656
-0.027719975 0.006753802 -0.999592960 -4.526931763 -0.000181237 0.999977112 0.006761424 0.348198652 0.999615729 0.000368590 -0.027718067 103.520362854
-0.027187705 0.006036898 -0.999612093 -5.462448120 -0.000919049 0.999981165 0.006064124 0.368796855 0.999629855 0.001083563 -0.027181625 104.019149780
-0.026609421 0.005769926 -0.999629259 -6.374290466 -0.000986719 0.999982715 0.005798232 0.378461570 0.999645472 0.001140641 -0.026603341 104.511314392
-0.025985599 0.005763136 -0.999645889 -7.302528381 -0.000836732 0.999982893 0.005786831 0.387102276 0.999662101 0.000986808 -0.025980353 105.011016846
-0.025325894 0.005572921 -0.999663651 -8.200912476 -0.000595338 0.999984205 0.005589790 0.390373379 0.999679029 0.000736705 -0.025322199 105.498451233
-0.024819136 0.005775152 -0.999675274 -9.099426270 -0.000805136 0.999982893 0.005796919 0.391563207 0.999691606 0.000948749 -0.024814129 105.980461121
-0.024087787 0.005498024 -0.999694765 -9.998695374 -0.000841062 0.999984384 0.005519883 0.398247808 0.999709547 0.000973767 -0.024082780 106.477630615
-0.023765564 0.004957614 -0.999705255 -10.914749146 0.000679570 0.999987543 0.004942858 0.404932857 0.999717295 -0.000561900 -0.023768663 106.977737427
-0.023459673 0.004562694 -0.999714315 -11.833229065 0.000558977 0.999989510 0.004550832 0.407054245 0.999724567 -0.000452056 -0.023462057 107.479370117
-0.023210764 0.003449558 -0.999724746 -12.737854004 0.000743903 0.999993801 0.003433215 0.412166774 0.999730468 -0.000664012 -0.023213148 107.986000061
-0.022953629 0.004397478 -0.999726892 -13.652832031 0.001279942 0.999989629 0.004369247 0.405108452 0.999735713 -0.001179302 -0.022958994 108.486427307
-0.021730781 0.005043051 -0.999751210 -14.547912598 0.001017988 0.999986887 0.005022113 0.406172723 0.999763370 -0.000908601 -0.021735549 108.975357056
-0.021076798 0.004826734 -0.999766171 -15.453102112 0.000904791 0.999988019 0.004808730 0.410022914 0.999777377 -0.000803227 -0.021080852 109.471969604
-0.020325541 0.005641998 -0.999777496 -16.342414856 0.001637120 0.999982953 0.005609875 0.403136373 0.999792039 -0.001522731 -0.020334482 109.959220886
-0.018880010 0.004697469 -0.999810874 -17.283996582 0.001118087 0.999988437 0.004677191 0.420067996 0.999821246 -0.001029570 -0.018885136 110.457351685
-0.018257022 0.004524697 -0.999823272 -18.196998596 0.000543403 0.999989629 0.004515528 0.429666162 0.999833405 -0.000460868 -0.018259287 110.959350586
-0.018455267 0.004970840 -0.999817371 -19.121795654 0.000369659 0.999987602 0.004964863 0.428726465 0.999829650 -0.000277964 -0.018456936 111.497711182
-0.017910361 0.004300246 -0.999830365 -20.062660217 0.000293142 0.999990702 0.004295684 0.442228049 0.999839544 -0.000216154 -0.017911434 112.015686035
-0.016709566 0.003001629 -0.999855995 -20.984207153 -0.000027232 0.999995470 0.003002503 0.457888067 0.999860525 0.000077398 -0.016709328 112.519577026
-0.016728759 0.003793359 -0.999852896 -21.896018982 0.000138925 0.999992788 0.003791566 0.452356458 0.999860048 -0.000075477 -0.016729236 113.039108276
-0.016073704 0.003079685 -0.999866068 -22.814910889 0.000108279 0.999995232 0.003078343 0.459980607 0.999870837 -0.000058785 -0.016073942 113.553085327
-0.015174389 0.004085064 -0.999876499 -23.746414185 0.000038297 0.999991655 0.004084953 0.461510479 0.999884844 0.000023694 -0.015174389 114.071517944
-0.014484763 0.004135353 -0.999886513 -24.682449341 0.000156037 0.999991417 0.004133527 0.464531779 0.999895096 -0.000096146 -0.014485240 114.595321655
-0.013893485 0.004560528 -0.999893069 -25.627326965 0.000550754 0.999989510 0.004553315 0.463509321 0.999903321 -0.000487434 -0.013895869 115.134742737
-0.012688518 0.003917399 -0.999911845 -26.598449707 -0.000316187 0.999992251 0.003921726 0.478115797 0.999919474 0.000365920 -0.012687206 115.668891907
-0.011104941 0.004316224 -0.999929070 -27.568687439 0.000521083 0.999990582 0.004310703 0.473654509 0.999938250 -0.000473177 -0.011107087 116.200744629
-0.009846330 0.004023129 -0.999943554 -28.509216309 -0.000740976 0.999991596 0.004030619 0.494115442 0.999951422 0.000780620 -0.009843230 116.728004456
-0.009323120 0.004074534 -0.999948442 -29.446159363 -0.000215409 0.999991655 0.004076719 0.488086581 0.999956667 0.000253405 -0.009322166 117.256805420
-0.008642197 0.004941981 -0.999950409 -30.410064697 -0.000270452 0.999987721 0.004944503 0.490337789 0.999962568 0.000313170 -0.008640766 117.808639526
-0.006768227 0.004880071 -0.999965191 -31.372238159 0.000032670 0.999988079 0.004879961 0.495902240 0.999977112 0.000000360 -0.006768227 118.334609985
-0.006591082 0.004673576 -0.999967337 -32.325149536 -0.000703550 0.999988794 0.004678314 0.505711436 0.999978065 0.000734363 -0.006587744 118.893615723
