1.000000000 0.000000000 0.000000000 0.000000000 0.000000000 1.000000000 0.000000000 0.000000000 0.000000000 0.000000000 1.000000000 0.000000000
0.999943256 0.009436475 0.004944750 -0.001125996 -0.009433066 0.999955237 -0.000712067 0.003396939 -0.004951248 0.000665382 0.999987543 -0.000490540
0.999911427 0.005985015 0.011887155 -0.003349248 -0.006069995 0.999956191 0.007125762 0.002498504 -0.011843987 -0.007197286 0.999903977 0.003491992
0.999748170 0.009855658 0.020159693 -0.007127716 -0.010015905 0.999918938 0.007863454 0.005317581 -0.020080561 -0.008063392 0.999765873 0.003507402
0.999410093 0.015291941 0.030751061 -0.011249599 -0.015924327 0.999664545 0.020426035 0.006081244 -0.030428391 -0.020903677 0.999318361 0.010104136
0.999553323 0.008731594 0.028582098 -0.016267411 -0.010515599 0.997966111 0.062873833 0.011393803 -0.027974976 -0.063146301 0.997612119 0.027033823
0.999391615 -0.001810347 0.034830432 -0.020442175 -0.000781905 0.997238040 0.074267700 0.013755664 -0.034868684 -0.074249744 0.996629894 0.040726397
0.998320043 -0.008093781 0.057372637 -0.024117379 0.003996063 0.997455418 0.071180902 0.014416097 -0.057802767 -0.070832051 0.995812058 0.054108124
0.991531014 -0.014971600 0.129004464 -0.027889837 0.009574349 0.999056697 0.042356782 0.012887885 -0.129516914 -0.040762931 0.990738988 0.076411180
0.987799644 -0.036218487 0.151459754 -0.023718387 0.032245383 0.999070525 0.028607253 0.010317341 -0.152355075 -0.023374356 0.988049388 0.083906308
0.976667643 -0.058548603 0.206621304 -0.026086228 0.061562274 0.998069704 -0.008180620 0.007494651 -0.205743507 0.020709824 0.978386819 0.102022372
0.969369650 -0.041863147 0.242012262 -0.026639845 0.048098188 0.998644173 -0.019910296 0.000029560 -0.240850627 0.030940788 0.970068872 0.109699741
0.964336872 -0.015338727 0.264232993 -0.017714133 0.027127251 0.998789907 -0.041023053 -0.008284612 -0.263284028 0.046727955 0.963586032 0.112904556
0.942858696 0.021180306 0.332518995 -0.010898771 0.007811355 0.996298134 -0.085609853 -0.022202503 -0.333101273 0.083315417 0.939202905 0.110443413
0.924888194 0.033887200 0.378726155 -0.011291595 0.006215660 0.994540334 -0.104167573 -0.030742347 -0.380188376 0.098697387 0.919627964 0.105131403
0.914518714 0.035605814 0.402973652 0.007153056 0.008855510 0.994118512 -0.107934922 -0.045124218 -0.404446661 0.102277040 0.908824682 0.092602640
0.863693714 0.051991187 0.501328349 0.003272358 0.005248204 0.993683815 -0.112093493 -0.047772132 -0.503989697 0.099445522 0.857965589 0.082094148
0.835604727 0.069092967 0.544968724 0.007708943 -0.000429310 0.992140412 -0.125128642 -0.044319171 -0.549331069 0.104324117 0.829066873 0.071592636
0.784423351 0.099467307 0.612197816 0.010752091 -0.029944196 0.991979063 -0.122804344 -0.043974485 -0.619502485 0.077998832 0.781110048 0.069323733
0.768800557 0.100170724 0.631594479 0.016027700 -0.048827805 0.993967354 -0.098207936 -0.037810344 -0.637621820 0.044662952 0.769053757 0.069605522
0.763894439 0.096762300 0.638045728 0.013577960 -0.061085224 0.995097637 -0.077776983 -0.031922486 -0.642443717 0.020438252 0.766060352 0.069790490
0.779040158 0.064675689 0.623629272 0.015561453 -0.056240607 0.997864068 -0.033231050 -0.022946356 -0.624446452 -0.009184966 0.781013608 0.076789513
0.791572571 0.050469123 0.608987510 0.013669586 -0.052173518 0.998526335 -0.014935647 -0.019383598 -0.608843863 -0.019950371 0.793039203 0.082350075
0.805876732 0.042749610 0.590538085 0.017245024 -0.051631588 0.998664498 -0.001835310 -0.014695278 -0.589827836 -0.029011380 0.807007730 0.085226350
0.839414120 0.024878711 0.542922616 0.014489443 -0.051497780 0.998098135 0.033884335 -0.010539478 -0.541046977 -0.056402300 0.839098871 0.093366809
0.861941338 0.012774775 0.506847084 0.021786861 -0.047217265 0.997360468 0.055159561 -0.011921837 -0.504804552 -0.071476243 0.860269427 0.101018891
0.881959558 0.002181632 0.471320063 0.013791263 -0.041337855 0.996493816 0.072741084 -0.007325794 -0.469508857 -0.083638050 0.878957391 0.112842895
0.881096840 -0.007070499 0.472883105 0.009963706 -0.029147929 0.997175574 0.069219381 -0.004414792 -0.472036898 -0.074772537 0.878402114 0.117796376
0.869289756 -0.014449113 0.494091660 0.008893514 -0.015837615 0.998245299 0.057056699 -0.006012938 -0.494049102 -0.057424035 0.867535591 0.119388133
0.815396011 0.002755086 0.578897059 0.022438001 -0.020113971 0.999519706 0.023574293 -0.008979732 -0.578554094 -0.030866303 0.815059781 0.114205569
0.779839277 0.023348134 0.625544190 0.033631310 -0.029341955 0.999569178 -0.000729069 -0.008365897 -0.625291705 -0.017786132 0.780188382 0.110227004
0.750755250 0.044047333 0.659110308 0.041653480 -0.039248914 0.998986065 -0.022054490 -0.007972898 -0.659413457 -0.009311841 0.751722813 0.098724090
0.669039249 0.052002434 0.741405547 0.046818938 -0.044216681 0.998567224 -0.030139009 -0.013100689 -0.741910636 -0.012618316 0.670379996 0.087360233
0.603352904 0.071619891 0.794251919 0.050285846 -0.055260248 0.997319818 -0.047952686 -0.009932798 -0.795557499 -0.014958154 0.605693519 0.088472396
0.550251842 0.085350439 0.830625236 0.052986380 -0.063757375 0.996152699 -0.060122732 -0.010850111 -0.832561076 -0.019875828 0.553576648 0.085556693
0.467098951 0.056867566 0.882374525 0.054760974 -0.053974923 0.997902453 -0.035740666 -0.029816709 -0.882556200 -0.030931661 0.469188631 0.066051126
0.405012071 0.047758881 0.913063169 0.057996564 -0.066257849 0.997542322 -0.022787329 -0.032357857 -0.911907434 -0.051268455 0.407181084 0.059319858
0.313011467 0.039501835 0.948927581 0.062697843 -0.088598058 0.995992303 -0.012236249 -0.026978591 -0.945607960 -0.080243051 0.315256774 0.067117363
0.256568849 0.038425498 0.965761840 0.067956649 -0.105958588 0.994305074 -0.011411712 -0.024448462 -0.960700333 -0.099402875 0.259179235 0.067919269
0.230085194 0.028959926 0.972739518 0.073206529 -0.104441196 0.994518995 -0.004904520 -0.030564178 -0.967549980 -0.100465626 0.231848717 0.062685579
0.164984584 0.054281428 0.984801352 0.087562889 -0.106479585 0.993628860 -0.036929388 -0.031887610 -0.980531633 -0.098768458 0.169713259 0.065481700
0.132118881 0.054737069 0.989721477 0.096937492 -0.092591159 0.994790018 -0.042657301 -0.043460049 -0.986900032 -0.086003616 0.136498690 0.069980063
0.107496858 0.091170631 0.990016401 0.102059685 -0.071464159 0.993919194 -0.083770394 -0.046932541 -0.991633713 -0.061745625 0.113358617 0.077392295
0.093411267 0.112013333 0.989306629 0.121265978 -0.018797435 0.993672431 -0.110732786 -0.071294874 -0.995450318 -0.008252718 0.094925761 0.084129125
0.102687359 0.157261625 0.982203722 0.126746953 0.016705111 0.987011611 -0.159777910 -0.074973159 -0.994573474 0.032815009 0.098726571 0.092792824
0.150020778 0.191886753 0.969883144 0.130097747 0.043118857 0.978781819 -0.200316906 -0.084989645 -0.987742126 0.071871966 0.138563693 0.114386499
0.194825768 0.174959481 0.965107381 0.130586237 0.041046716 0.981645763 -0.186243758 -0.091605872 -0.979978740 0.075899586 0.184068382 0.116780847
0.234636962 0.159644604 0.958884358 0.139573276 0.027099617 0.984964550 -0.170617908 -0.086444378 -0.971705317 0.066018678 0.226782799 0.116378427
0.314166784 0.110952660 0.942862093 0.145422906 0.012758218 0.992564082 -0.121052533 -0.087096572 -0.949282229 0.050059926 0.310415089 0.125965610
0.365273476 0.095716164 0.925966382 0.145354509 0.027148038 0.993181467 -0.113373429 -0.085379779 -0.930504322 0.066550478 0.360184312 0.129638493
0.410382688 0.082649693 0.908160388 0.145431638 0.048918139 0.992455184 -0.112426504 -0.085730195 -0.910600483 0.090563402 0.403243303 0.128427804
0.452221811 0.119125098 0.883914411 0.157333910 0.065523878 0.983925104 -0.166126385 -0.083619744 -0.889495432 0.133043483 0.437146842 0.130538851
0.453216255 0.152279153 0.878297329 0.157422170 0.053615656 0.978859544 -0.197381228 -0.085147619 -0.889786720 0.136546880 0.435470521 0.129646093
0.429955065 0.176320612 0.885465801 0.156134769 0.038037963 0.976336479 -0.212885529 -0.089090645 -0.902048647 0.125212520 0.413073957 0.129236057
0.360865295 0.220662773 0.906136990 0.151051491 0.008377418 0.970799565 -0.239745721 -0.096741199 -0.932580352 0.094107017 0.348479331 0.129653782
0.304377615 0.245761976 0.920301795 0.145839155 0.017111287 0.964577258 -0.263244897 -0.092448995 -0.952397823 0.095873445 0.289390445 0.124216408
0.213889718 0.270660281 0.938612938 0.138109073 0.012015685 0.960047424 -0.279579282 -0.096721217 -0.976783872 0.071077205 0.202092111 0.118826479
0.154488266 0.279584914 0.947610497 0.131192625 0.003652632 0.958956957 -0.283528090 -0.090468183 -0.987987876 0.047263026 0.147126377 0.115982115
0.104001284 0.258411527 0.960420489 0.125559807 0.002578393 0.965583622 -0.260079980 -0.092330746 -0.994573951 0.029525027 0.099755645 0.111409158
0.046991467 0.228017211 0.972522616 0.121830873 0.005112417 0.973530352 -0.228500560 -0.100737557 -0.998882294 0.015709534 0.044581890 0.092662796
0.011059999 0.231667370 0.972732186 0.122346029 0.019056343 0.972566187 -0.231844515 -0.092318341 -0.999757290 0.021100916 0.006341875 0.074133486
-0.019463658 0.251451463 0.967674196 0.121260211 0.027673155 0.967622221 -0.250881344 -0.089197904 -0.999427497 0.021895535 -0.025791883 0.059832618
-0.169747949 0.335641444 0.926569343 0.128520489 0.032612428 0.941612244 -0.335116088 -0.073635384 -0.984947920 -0.026667550 -0.170782924 0.057857066
-0.203414202 0.261938214 0.943404138 0.096275307 0.009695247 0.964040756 -0.265577585 -0.095480859 -0.979044974 -0.044875674 -0.198639154 0.047989540
-0.203414202 0.261938214 0.943404138 0.096275307 0.009695247 0.964040756 -0.265577585 -0.095480859 -0.979044974 -0.044875674 -0.198639154 0.047989540
-0.203414202 0.261938214 0.943404138 0.096275307 0.009695247 0.964040756 -0.265577585 -0.095480859 -0.979044974 -0.044875674 -0.198639154 0.047989540
-0.203414202 0.261938214 0.943404138 0.096275307 0.009695247 0.964040756 -0.265577585 -0.095480859 -0.979044974 -0.044875674 -0.198639154 0.047989540
-0.203414202 0.261938214 0.943404138 0.096275307 0.009695247 0.964040756 -0.265577585 -0.095480859 -0.979044974 -0.044875674 -0.198639154 0.047989540
-0.203414202 0.261938214 0.943404138 0.096275307 0.009695247 0.964040756 -0.265577585 -0.095480859 -0.979044974 -0.044875674 -0.198639154 0.047989540
-0.203414202 0.261938214 0.943404138 0.096275307 0.009695247 0.964040756 -0.265577585 -0.095480859 -0.979044974 -0.044875674 -0.198639154 0.047989540
-0.203414202 0.261938214 0.943404138 0.096275307 0.009695247 0.964040756 -0.265577585 -0.095480859 -0.979044974 -0.044875674 -0.198639154 0.047989540
-0.203414202 0.261938214 0.943404138 0.096275307 0.009695247 0.964040756 -0.265577585 -0.095480859 -0.979044974 -0.044875674 -0.198639154 0.047989540
-0.203414202 0.261938214 0.943404138 0.096275307 0.009695247 0.964040756 -0.265577585 -0.095480859 -0.979044974 -0.044875674 -0.198639154 0.047989540
-0.203414202 0.261938214 0.943404138 0.096275307 0.009695247 0.964040756 -0.265577585 -0.095480859 -0.979044974 -0.044875674 -0.198639154 0.047989540
-0.203414202 0.261938214 0.943404138 0.096275307 0.009695247 0.964040756 -0.265577585 -0.095480859 -0.979044974 -0.044875674 -0.198639154 0.047989540
-0.203414202 0.261938214 0.943404138 0.096275307 0.009695247 0.964040756 -0.265577585 -0.095480859 -0.979044974 -0.044875674 -0.198639154 0.047989540
-0.203414202 0.261938214 0.943404138 0.096275307 0.009695247 0.964040756 -0.265577585 -0.095480859 -0.979044974 -0.044875674 -0.198639154 0.047989540
-0.203414202 0.261938214 0.943404138 0.096275307 0.009695247 0.964040756 -0.265577585 -0.095480859 -0.979044974 -0.044875674 -0.198639154 0.047989540
-0.203414202 0.261938214 0.943404138 0.096275307 0.009695247 0.964040756 -0.265577585 -0.095480859 -0.979044974 -0.044875674 -0.198639154 0.047989540
-0.203414202 0.261938214 0.943404138 0.096275307 0.009695247 0.964040756 -0.265577585 -0.095480859 -0.979044974 -0.044875674 -0.198639154 0.047989540
-0.203414202 0.261938214 0.943404138 0.096275307 0.009695247 0.964040756 -0.265577585 -0.095480859 -0.979044974 -0.044875674 -0.198639154 0.047989540
-0.203414202 0.261938214 0.943404138 0.096275307 0.009695247 0.964040756 -0.265577585 -0.095480859 -0.979044974 -0.044875674 -0.198639154 0.047989540
-0.203414202 0.261938214 0.943404138 0.096275307 0.009695247 0.964040756 -0.265577585 -0.095480859 -0.979044974 -0.044875674 -0.198639154 0.047989540
-0.203414202 0.261938214 0.943404138 0.096275307 0.009695247 0.964040756 -0.265577585 -0.095480859 -0.979044974 -0.044875674 -0.198639154 0.047989540
-0.203414202 0.261938214 0.943404138 0.096275307 0.009695247 0.964040756 -0.265577585 -0.095480859 -0.979044974 -0.044875674 -0.198639154 0.047989540
-0.203414202 0.261938214 0.943404138 0.096275307 0.009695247 0.964040756 -0.265577585 -0.095480859 -0.979044974 -0.044875674 -0.198639154 0.047989540
-0.203414202 0.261938214 0.943404138 0.096275307 0.009695247 0.964040756 -0.265577585 -0.095480859 -0.979044974 -0.044875674 -0.198639154 0.047989540
-0.203414202 0.261938214 0.943404138 0.096275307 0.009695247 0.964040756 -0.265577585 -0.095480859 -0.979044974 -0.044875674 -0.198639154 0.047989540
-0.203414202 0.261938214 0.943404138 0.096275307 0.009695247 0.964040756 -0.265577585 -0.095480859 -0.979044974 -0.044875674 -0.198639154 0.047989540
-0.203414202 0.261938214 0.943404138 0.096275307 0.009695247 0.964040756 -0.265577585 -0.095480859 -0.979044974 -0.044875674 -0.198639154 0.047989540
-0.203414202 0.261938214 0.943404138 0.096275307 0.009695247 0.964040756 -0.265577585 -0.095480859 -0.979044974 -0.044875674 -0.198639154 0.047989540
-0.203414202 0.261938214 0.943404138 0.096275307 0.009695247 0.964040756 -0.265577585 -0.095480859 -0.979044974 -0.044875674 -0.198639154 0.047989540
-0.203414202 0.261938214 0.943404138 0.096275307 0.009695247 0.964040756 -0.265577585 -0.095480859 -0.979044974 -0.044875674 -0.198639154 0.047989540
