%YAML:1.0

#--------------------------------------------------------------------------------------------
# Camera Parameters. Adjust them!  radial
#--------------------------------------------------------------------------------------------
Camera.type: "KannalaBrandt8"

# Left Camera calibration and distortion parameters (OpenCV)
Camera.fx: 190.97847715128717
Camera.fy: 190.9733070521226
Camera.cx: 254.93170605935475
Camera.cy: 256.8974428996504

# Kannala-Brandt distortion parameters
Camera.k1: 0.0034823894022493434
Camera.k2: 0.0007150348452162257
Camera.k3: -0.0020532361418706202
Camera.k4: 0.00020293673591811182

# Right Camera calibration and distortion parameters (OpenCV)
Camera2.fx: 190.44236969414825
Camera2.fy: 190.4344384721956
Camera2.cx: 252.59949716835982
Camera2.cy: 254.91723064636983

# Kannala-Brandt distortion parameters
Camera2.k1: 0.0034003170790442797
Camera2.k2: 0.001766278153469831
Camera2.k3: -0.00266312569781606
Camera2.k4: 0.0003299517423931039
    
# Transformation matrix from right camera to left camera
Tlr: !!opencv-matrix
  rows: 3
  cols: 4
  dt: f
  data: [ 0.999999445773493,   0.000791687752817,   0.000694034010224,   0.101063427414194,
            -0.000823363992158,   0.998899461915674,   0.046895490788700,   0.001946204678584,
            -0.000656143613644,  -0.046896036240590,   0.998899560146304,   0.001015350132563]


# Lapping area between images (We must calculate) TODO 重叠区域计算，https://github.com/UZ-SLAMLab/ORB_SLAM3/issues/88
Camera.lappingBegin: 0
Camera.lappingEnd: 511

Camera2.lappingBegin: 0
Camera2.lappingEnd: 511

# Camera resolution
Camera.width: 512
Camera.height: 512

# Camera frames per second 
Camera.fps: 20.0

# Color order of the images (0: BGR, 1: RGB. It is ignored if images are grayscale)
Camera.RGB: 1

# Image scale, it changes the image size to be processed (<1.0: reduce, >1.0: increase)
#Camera.imageScale: 0.7071 # 1/sqrt(2)

# Close/Far threshold. Baseline times.
ThDepth: 40.0
# stereo baseline times fx
Camera.bf: 19.3079

#--------------------------------------------------------------------------------------------
# ORB Parameters
#--------------------------------------------------------------------------------------------

# ORB Extractor: Number of features per image
ORBextractor.nFeatures: 1000 # Tested with 1250

# ORB Extractor: Scale factor between levels in the scale pyramid 	
ORBextractor.scaleFactor: 1.2

# ORB Extractor: Number of levels in the scale pyramid	
ORBextractor.nLevels: 8

# ORB Extractor: Fast threshold
# Image is divided in a grid. At each cell FAST are extracted imposing a minimum response.
# Firstly we impose iniThFAST. If no corners are detected we impose a lower value minThFAST
# You can lower these values if your images have low contrast			
ORBextractor.iniThFAST: 20 # 20  15
ORBextractor.minThFAST: 7 # 7

#--------------------------------------------------------------------------------------------
# Viewer Parameters
#--------------------------------------------------------------------------------------------
Viewer.KeyFrameSize: 0.05
Viewer.KeyFrameLineWidth: 1
Viewer.GraphLineWidth: 0.9
Viewer.PointSize: 2
Viewer.CameraSize: 0.08
Viewer.CameraLineWidth: 3
Viewer.ViewpointX: 0
Viewer.ViewpointY: -0.7
Viewer.ViewpointZ: -3.5
Viewer.ViewpointF: 500
